[Header]
TITLE, default name
FILEOPENTIME,24309430.47,10/9/2023,11:45 AM
BYAPP, Resistivity, 2.1, 1.0
INFO, APPNAME, PPMS MultiVu Application, 1.5.11
INFO, , Sample1 Name
INFO, 1, Sample1 Cross Section
INFO, 1, Sample1 Length
INFO, Ohm-m, Sample1 Units
INFO, , Sample2 Name
INFO, 1, Sample2 Cross Section
INFO, 1, Sample2 Length
INFO, Ohm-m, Sample2 Units
INFO, , Sample3 Name
INFO, 1, Sample3 Cross Section
INFO, 1, Sample3 Length
INFO, Ohm-m, Sample3 Units
INFO, , Sample4 Name
INFO, 1, Sample4 Cross Section
INFO, 1, Sample4 Length
INFO, Ohm-m, Sample4 Units
FIELDGROUP, Resistivity,2,3,4,5,6,7,8,9,10,11,12,13,14,15,16,17,18,19,20,21,22,23,24,25,26,27,28,29,30,31,32,33,34,35,36,37,38,39,40,41
STARTUPGROUP, Resistivity
STARTUPAXIS, X, 2, LINEAR, AUTO
STARTUPAXIS, Y1, 7, LINEAR, AUTO
STARTUPAXIS, Y2, 9, LINEAR, AUTO
STARTUPAXIS, Y3, 11, LINEAR, AUTO
PLOT_APPEARANCE, ALL, HORZ_GRID_ON, VERT_GRID_ON, MARKERS_AND_LINES, ALL_LINES
DATATYPE, TIME, 2
DATATYPE, COMMENT, 1
[Data]
Comment,Time Stamp (sec),Status (code),Temperature (K),Magnetic Field (Oe),Sample Position (deg),Bridge 1 Resistivity (Ohm-m),Bridge 1 Excitation (uA),Bridge 2 Resistivity (Ohm-m),Bridge 2 Excitation (uA),Bridge 3 Resistivity (Ohm-m),Bridge 3 Excitation (uA),Bridge 4 Resistivity (Ohm-m),Bridge 4 Excitation (uA),Bridge 1 Std. Dev. (Ohm-m),Bridge 2 Std. Dev. (Ohm-m),Bridge 3 Std. Dev. (Ohm-m),Bridge 4 Std. Dev. (Ohm-m),Number of Readings,Bridge 1 Resistance (Ohms),Bridge 2 Resistance (Ohms),Bridge 3 Resistance (Ohms),Bridge 4 Resistance (Ohms),Signal 1 Vin (V),Signal 2 Vin (V),Digital Inputs (code),Drive 1 Iout (mA),Drive 1 Ipower (watts),Drive 2 Iout (mA),Drive 2 Ipower (watts),Pressure (),Map 20 (),Map 21 (),Map 22 (),Map 23 (),Map 24 (),Map 25 (),Map 26 (),Map 27 (),Map 28 (),Map 29 ()
,24309696.94,4369,303.982345581055,0.0149029996246099,0,,,,,0.000138136707544327,5000,,,,,9.7587377359152e-008,,25,,,0.138136707544327,
,24309895.02,4369,301.966094970703,0.0149029996246099,0,,,,,0.000138229843974113,5000,,,,,8.50737130444213e-008,,25,,,0.138229843974113,
,24310090.97,4369,299.993850708008,0.0149029996246099,0,,,,,0.000138843044638634,5000,,,,,7.26205576263574e-008,,25,,,0.138843044638634,
,24310286.84,4369,297.989898681641,0.0149029996246099,0,,,,,0.00013904050886631,5000,,,,,8.02878958170625e-008,,25,,,0.13904050886631,
,24310482.89,4369,295.986999511719,0.0149029996246099,0,,,,,0.000139121959209442,5000,,,,,7.20166049028267e-008,,25,,,0.139121959209442,
,24310679.31,4369,293.959503173828,0.0149029996246099,0,,,,,0.000139201645851135,5000,,,,,6.84606960202748e-008,,25,,,0.139201645851135,
,24310875.95,4369,291.997100830078,0.0149029996246099,0,,,,,0.00013928026676178,5000,,,,,5.6438862609769e-008,,25,,,0.13928026676178,
,24311072.36,4369,289.985290527344,0.0149029996246099,0,,,,,0.00013931682407856,5000,,,,,7.87614666499206e-008,,25,,,0.13931682407856,
,24311268.72,4369,287.984100341797,0.0149029996246099,0,,,,,0.000139487676024437,5000,,,,,8.99160329034749e-008,,25,,,0.139487676024437,
,24311465.75,4369,285.977645874023,0.0149029996246099,0,,,,,0.000139708188176155,5000,,,,,5.69553917635607e-008,,25,,,0.139708188176155,
,24311662.98,4369,283.995452880859,0.0149029996246099,0,,,,,0.00013969042122364,5000,,,,,8.39477524988555e-008,,25,,,0.13969042122364,
,24311859.28,4369,281.989898681641,0.0149029996246099,0,,,,,0.000139970616698265,5000,,,,,8.75453012912265e-008,,25,,,0.139970616698265,
,24312057.16,4369,279.987594604492,0.0149029996246099,0,,,,,0.0001400987803936,5000,,,,,5.79195928156072e-008,,25,,,0.1400987803936,
,24312253.69,4369,277.972305297852,0.0149029996246099,0,,,,,0.000140330043435097,5000,,,,,7.18565446173737e-008,,25,,,0.140330043435097,
,24312450.73,4369,275.990447998047,0.0149029996246099,0,,,,,0.000140506532788277,5000,,,,,8.70453646737733e-008,,25,,,0.140506532788277,
,24312649.00,4369,273.99169921875,0.0149029996246099,0,,,,,0.000140711308717728,5000,,,,,6.72170542432679e-008,,25,,,0.140711308717728,
,24312845.58,4369,271.981399536133,0.0149029996246099,0,,,,,0.000140881915092468,5000,,,,,5.93742511318477e-008,,25,,,0.140881915092468,
,24313042.19,4369,269.9775390625,0.0149029996246099,0,,,,,0.000140932827591896,5000,,,,,7.06767163078772e-008,,25,,,0.140932827591896,
,24313238.53,4369,267.987701416016,0.0149029996246099,0,,,,,0.000141180620193481,5000,,,,,8.87189577290475e-008,,25,,,0.141180620193481,
,24313434.63,4369,265.985458374023,0.0149029996246099,0,,,,,0.000141447542309761,5000,,,,,9.8677451448954e-008,,25,,,0.141447542309761,
,24313631.16,4369,263.985198974609,0.0149029996246099,0,,,,,0.000141879499554634,5000,,,,,6.85020522642112e-008,,25,,,0.141879499554634,
,24313829.19,4369,261.985000610352,0.0149029996246099,0,,,,,0.000142100288271904,5000,,,,,9.51828349926642e-008,,25,,,0.142100288271904,
,24314025.92,4369,259.988540649414,0.0149029996246099,0,,,,,0.000142460063099861,5000,,,,,7.90004890809865e-008,,25,,,0.142460063099861,
,24314222.47,4369,257.991058349609,0.0149029996246099,0,,,,,0.000142856324911118,5000,,,,,7.25833628934693e-008,,25,,,0.142856324911118,
,24314419.72,4369,255.984802246094,0.0149029996246099,0,,,,,0.000143255596160889,5000,,,,,6.17438415304623e-008,,25,,,0.143255596160889,
,24314615.70,4369,253.987548828125,0.0149029996246099,0,,,,,0.000143710188865662,5000,,,,,1.01481582121925e-007,,25,,,0.143710188865662,
,24314814.66,4369,251.987197875977,0.0149029996246099,0,,,,,0.000144116852879524,5000,,,,,1.06383978875422e-007,,25,,,0.144116852879524,
,24315014.27,4370,249.979804992676,0.0149029996246099,0,,,,,0.00014460860311985,5000,,,,,8.45114754193664e-008,,25,,,0.14460860311985,
,24315076.80,4370,248.931800842285,0.0149029996246099,0,,,,,0.0001448577439785,5000,,,,,6.8168982738605e-008,,25,,,0.1448577439785,
,24315136.28,4370,247.91650390625,0.0149029996246099,0,,,,,0.000145120288729668,5000,,,,,6.88906068371133e-008,,25,,,0.145120288729668,
,24315195.81,4370,246.92749786377,0.0149029996246099,0,,,,,0.000145336545109749,5000,,,,,8.24425308776104e-008,,25,,,0.145336545109749,
,24315256.55,4370,245.914749145508,0.0149029996246099,0,,,,,0.000145606104135513,5000,,,,,9.66898387054904e-008,,25,,,0.145606104135513,
,24315315.73,4370,244.926193237305,0.0149029996246099,0,,,,,0.00014590304851532,5000,,,,,7.43330133042452e-008,,25,,,0.14590304851532,
,24315376.47,4370,243.914047241211,0.0149029996246099,0,,,,,0.000146220771074295,5000,,,,,7.67838586837018e-008,,25,,,0.146220771074295,
,24315435.67,4370,242.927101135254,0.0149029996246099,0,,,,,0.000146505675911903,5000,,,,,7.95451765121424e-008,,25,,,0.146505675911903,
,24315496.67,4370,241.907699584961,0.0149029996246099,0,,,,,0.000146815812587738,5000,,,,,8.81181799541678e-008,,25,,,0.146815812587738,
,24315556.45,4370,240.910049438477,0.0149029996246099,0,,,,,0.000147129499912262,5000,,,,,8.65566579005093e-008,,25,,,0.147129499912262,
,24315615.95,4370,239.920249938965,0.0149029996246099,0,,,,,0.000147276484966278,5000,,,,,8.25457267270656e-008,,25,,,0.147276484966278,
,24315675.72,4370,238.92244720459,0.0149029996246099,0,,,,,0.000147710875868797,5000,,,,,8.55206544939448e-008,,25,,,0.147710875868797,
,24315735.39,4370,237.931549072266,0.0149029996246099,0,,,,,0.000147989087104797,5000,,,,,7.26296497776523e-008,,25,,,0.147989087104797,
,24315796.27,4370,236.912994384766,0.0149029996246099,0,,,,,0.000148338388204575,5000,,,,,9.25309653351673e-008,,25,,,0.148338388204575,
,24315855.81,4370,235.922248840332,0.0149029996246099,0,,,,,0.000148760672807694,5000,,,,,6.21281225415304e-008,,25,,,0.148760672807693,
,24315915.97,4370,234.917350769043,0.0149029996246099,0,,,,,0.000149126397967339,5000,,,,,7.35594614823371e-008,,25,,,0.149126397967339,
,24315975.64,4370,233.92610168457,0.0149029996246099,0,,,,,0.000149492399692535,5000,,,,,6.93885905694958e-008,,25,,,0.149492399692535,
,24316035.36,4370,232.927299499512,0.0149029996246099,0,,,,,0.000149910662770271,5000,,,,,9.30221411768071e-008,,25,,,0.149910662770271,
,24316096.06,4370,231.916847229004,0.0149029996246099,0,,,,,0.000150331400036812,5000,,,,,9.60023229295598e-008,,25,,,0.150331400036812,
,24316155.92,4370,230.91764831543,0.0149029996246099,0,,,,,0.000150758062601089,5000,,,,,6.59414226131064e-008,,25,,,0.150758062601089,
,24316215.50,4370,229.920951843262,0.0149029996246099,0,,,,,0.000151249561309814,5000,,,,,7.3440580311441e-008,,25,,,0.151249561309814,
,24316276.41,4370,228.910903930664,0.0149029996246099,0,,,,,0.000151677832603455,5000,,,,,7.78059141910328e-008,,25,,,0.151677832603455,
,24316335.31,4370,227.92790222168,0.0149029996246099,0,,,,,0.000152480260133743,5000,,,,,8.61311155675474e-008,,25,,,0.152480260133743,
,24316396.36,4370,226.913444519043,0.0149029996246099,0,,,,,0.000153182893395424,5000,,,,,6.1448557378992e-008,,25,,,0.153182893395424,
,24316455.80,4370,225.91609954834,0.0149029996246099,0,,,,,0.000153215826749802,5000,,,,,6.69502796496401e-008,,25,,,0.153215826749802,
,24316516.30,4370,224.90315246582,0.0149029996246099,0,,,,,0.000153768795728683,5000,,,,,8.12263297794027e-008,,25,,,0.153768795728683,
,24316575.34,4370,223.923950195313,0.0149029996246099,0,,,,,0.00015431986451149,5000,,,,,5.27379849666739e-008,,25,,,0.15431986451149,
,24316635.28,4370,222.921600341797,0.0149029996246099,0,,,,,0.000154883355498314,5000,,,,,6.79095468691369e-008,,25,,,0.154883355498314,
,24316696.08,4370,221.909698486328,0.0149029996246099,0,,,,,0.000155490199923515,5000,,,,,8.82575200353827e-008,,25,,,0.155490199923515,
,24316755.34,4370,220.917449951172,0.0149029996246099,0,,,,,0.000156084935069084,5000,,,,,8.58775374481802e-008,,25,,,0.156084935069084,
,24316815.59,4370,219.914749145508,0.0149029996246099,0,,,,,0.000156700494885445,5000,,,,,7.81154840985899e-008,,25,,,0.156700494885445,
,24316874.88,4370,218.927543640137,0.0149029996246099,0,,,,,0.000157351429462433,5000,,,,,8.53692748514917e-008,,25,,,0.157351429462433,
,24316935.34,4370,217.915748596191,0.0149029996246099,0,,,,,0.000158001288771629,5000,,,,,5.40092662166326e-008,,25,,,0.158001288771629,
,24316994.91,4370,216.927154541016,0.0149029996246099,0,,,,,0.000158658571243286,5000,,,,,8.86130800885713e-008,,25,,,0.158658571243286,
,24317055.47,4370,215.914001464844,0.0149029996246099,0,,,,,0.000159420100450516,5000,,,,,8.0228391956985e-008,,25,,,0.159420100450516,
,24317115.30,4370,214.918853759766,0.0149029996246099,0,,,,,0.000160183091759682,5000,,,,,1.15997463035224e-007,,25,,,0.160183091759682,
,24317174.64,4370,213.925155639648,0.0149029996246099,0,,,,,0.00016088475883007,5000,,,,,9.31265230630207e-008,,25,,,0.160884758830071,
,24317235.27,4370,212.912452697754,0.0149029996246099,0,,,,,0.000161689319610596,5000,,,,,7.16600695555209e-008,,25,,,0.161689319610596,
,24317295.02,4370,211.922348022461,0.0149029996246099,0,,,,,0.000162488310933113,5000,,,,,9.50929349460276e-008,,25,,,0.162488310933113,
,24317355.42,4370,210.914199829102,0.0149029996246099,0,,,,,0.000163361955285072,5000,,,,,1.05222254298017e-007,,25,,,0.163361955285072,
,24317415.34,4370,209.915306091309,0.0149029996246099,0,,,,,0.000164176673293114,5000,,,,,1.05366656905666e-007,,25,,,0.164176673293114,
,24317475.22,4370,208.917053222656,0.0149029996246099,0,,,,,0.000165123312473297,5000,,,,,9.72824245619227e-008,,25,,,0.165123312473297,
,24317534.64,4370,207.918899536133,0.0149029996246099,0,,,,,0.000166054844260216,5000,,,,,7.39727543382472e-008,,25,,,0.166054844260216,
,24317594.41,4370,206.925598144531,0.0149029996246099,0,,,,,0.000167030040621758,5000,,,,,8.16470724349955e-008,,25,,,0.167030040621758,
,24317655.42,4370,205.910301208496,0.0149029996246099,0,,,,,0.000168048339486122,5000,,,,,7.65629945870108e-008,,25,,,0.168048339486122,
,24317714.58,4370,204.920700073242,0.0149029996246099,0,,,,,0.000169114686846733,5000,,,,,9.32580082266724e-008,,25,,,0.169114686846733,
,24317775.39,4370,203.915351867676,0.0149029996246099,0,,,,,0.00017016984462738,5000,,,,,8.37439860642746e-008,,25,,,0.17016984462738,
,24317834.64,4370,202.922996520996,0.0149029996246099,0,,,,,0.000171318112611771,5000,,,,,9.48601093045984e-008,,25,,,0.171318112611771,
,24317894.53,4370,201.922698974609,0.0149029996246099,0,,,,,0.000172483980059624,5000,,,,,6.9908413021703e-008,,25,,,0.172483980059624,
,24317954.25,4370,200.92919921875,0.0149029996246099,0,,,,,0.00017376399576664,5000,,,,,6.73685418261883e-008,,25,,,0.17376399576664,
,24318014.47,4370,199.921752929688,0.0149029996246099,0,,,,,0.000175084016919136,5000,,,,,1.00753586025377e-007,,25,,,0.175084016919136,
,24318074.75,4370,198.916145324707,0.0149029996246099,0,,,,,0.000176577771902084,5000,,,,,1.05574922437074e-007,,25,,,0.176577771902084,
,24318134.41,4370,197.918846130371,0.0149029996246099,0,,,,,0.000178048152327538,5000,,,,,6.71223445332302e-008,,25,,,0.178048152327538,
,24318194.38,4370,196.921997070313,0.0149029996246099,0,,,,,0.000179653760790825,5000,,,,,1.07239803721869e-007,,25,,,0.179653760790825,
,24318253.81,4370,195.929000854492,0.0149029996246099,0,,,,,0.000181473431587219,5000,,,,,9.29843715291203e-008,,25,,,0.181473431587219,
,24318314.31,4370,194.925498962402,0.0149029996246099,0,,,,,0.000183383055925369,5000,,,,,1.23195391737931e-007,,25,,,0.183383055925369,
,24318374.69,4370,193.909049987793,0.0149029996246099,0,,,,,0.000185498216152191,5000,,,,,1.18613604521601e-007,,25,,,0.185498216152191,
,24318434.75,4370,192.914398193359,0.0149029996246099,0,,,,,0.00018766040802002,5000,,,,,1.01891497633708e-007,,25,,,0.18766040802002,
,24318493.89,4370,191.92699432373,0.0149029996246099,0,,,,,0.000189841439723969,5000,,,,,8.28844496814398e-008,,25,,,0.189841439723969,
,24318554.45,4370,190.914947509766,0.0149029996246099,0,,,,,0.000192107626795769,5000,,,,,1.21917935761616e-007,,25,,,0.192107626795769,
,24318613.94,4370,189.92259979248,0.0149029996246099,0,,,,,0.000194267472028732,5000,,,,,9.28903943299368e-008,,25,,,0.194267472028732,
,24318674.81,4370,188.910400390625,0.0149029996246099,0,,,,,0.000196386287808418,5000,,,,,1.2322715780337e-007,,25,,,0.196386287808418,
,24318734.16,4370,187.917404174805,0.0149029996246099,0,,,,,0.000198389315009117,5000,,,,,1.09661123205895e-007,,25,,,0.198389315009117,
,24318793.92,4370,186.917251586914,0.0149029996246099,0,,,,,0.000200443202853203,5000,,,,,9.11662459769258e-008,,25,,,0.200443202853203,
,24318853.52,4370,185.927200317383,0.0149029996246099,0,,,,,0.000202415919303894,5000,,,,,1.08011337355187e-007,,25,,,0.202415919303894,
,24318914.33,4370,184.914245605469,0.0149029996246099,0,,,,,0.000204355795383453,5000,,,,,1.1055828524245e-007,,25,,,0.204355795383453,
,24318973.77,4370,183.922149658203,0.0149029996246099,0,,,,,0.000206164942979813,5000,,,,,1.03143818690829e-007,,25,,,0.206164942979813,
,24319034.50,4370,182.911697387695,0.0149029996246099,0,,,,,0.000207956239581108,5000,,,,,1.084942614106e-007,,25,,,0.207956239581108,
,24319093.52,4370,181.925193786621,0.0149029996246099,0,,,,,0.000209692526459694,5000,,,,,8.53689011482859e-008,,25,,,0.209692526459694,
,24319154.34,4370,180.915145874023,0.0149029996246099,0,,,,,0.000211310243010521,5000,,,,,1.08750922104574e-007,,25,,,0.211310243010521,
,24319213.44,4370,179.921195983887,0.0149029996246099,0,,,,,0.000212924100160599,5000,,,,,6.32219617445741e-008,,25,,,0.212924100160599,
,24319273.84,4370,178.915756225586,0.0149029996246099,0,,,,,0.000214313111305237,5000,,,,,9.39256261616767e-008,,25,,,0.214313111305237,
,24319333.27,4370,177.928352355957,0.0149029996246099,0,,,,,0.000215663448572159,5000,,,,,1.14448932602162e-007,,25,,,0.215663448572159,
,24319393.50,4370,176.924453735352,0.0149029996246099,0,,,,,0.000216992760300636,5000,,,,,1.00956050055228e-007,,25,,,0.216992760300636,
,24319453.16,4370,175.926452636719,0.0149029996246099,0,,,,,0.00021814794421196,5000,,,,,7.07765233364258e-008,,25,,,0.21814794421196,
,24319513.55,4370,174.922050476074,0.0149029996246099,0,,,,,0.000219244124293327,5000,,,,,7.59106078833418e-008,,25,,,0.219244124293327,
,24319574.08,4370,173.912254333496,0.0149029996246099,0,,,,,0.000220252547860146,5000,,,,,7.45430560973777e-008,,25,,,0.220252547860146,
,24319633.66,4370,172.915054321289,0.0149029996246099,0,,,,,0.000221122089028359,5000,,,,,9.02073352282893e-008,,25,,,0.221122089028358,
,24319693.66,4370,171.912300109863,0.0149029996246099,0,,,,,0.000221874645352364,5000,,,,,9.83514926303386e-008,,25,,,0.221874645352364,
,24319753.30,4370,170.922904968262,0.0149029996246099,0,,,,,0.000222560560703278,5000,,,,,1.04176786344882e-007,,25,,,0.222560560703278,
,24319813.81,4370,169.916305541992,0.0149029996246099,0,,,,,0.000223188887834549,5000,,,,,7.89497444979304e-008,,25,,,0.223188887834549,
,24319873.42,4370,168.917701721191,0.0149029996246099,0,,,,,0.000223678945302963,5000,,,,,6.33809422638098e-008,,25,,,0.223678945302963,
,24319933.69,4370,167.909950256348,0.0149029996246099,0,,,,,0.000224045272469521,5000,,,,,8.50918003744319e-008,,25,,,0.224045272469521,
,24319992.97,4370,166.928497314453,0.0149029996246099,0,,,,,0.000224306258559227,5000,,,,,8.91628635565733e-008,,25,,,0.224306258559227,
,24320052.73,4370,165.927047729492,0.0149029996246099,0,,,,,0.000224481295347214,5000,,,,,7.60782643296398e-008,,25,,,0.224481295347214,
,24320113.81,4370,164.912696838379,0.0149029996246099,0,,,,,0.000224546567201614,5000,,,,,9.76971602116636e-008,,25,,,0.224546567201614,
,24320173.44,4370,163.909149169922,0.0149029996246099,0,,,,,0.000224477295875549,5000,,,,,1.02183246464096e-007,,25,,,0.224477295875549,
,24320233.13,4370,162.926956176758,0.0149029996246099,0,,,,,0.000224360299706459,5000,,,,,1.08336402582631e-007,,25,,,0.224360299706459,
,24320293.95,4370,161.905555725098,0.0149029996246099,0,,,,,0.000224186246991158,5000,,,,,1.14676793100841e-007,,25,,,0.224186246991158,
,24320353.31,4370,160.915901184082,0.0149029996246099,0,,,,,0.000223854675889015,5000,,,,,1.08551435103476e-007,,25,,,0.223854675889015,
,24320412.75,4370,159.923004150391,0.0149029996246099,0,,,,,0.000223508920669556,5000,,,,,1.63228993111201e-007,,25,,,0.223508920669556,
,24320473.11,4370,158.917098999023,0.0149029996246099,0,,,,,0.00022301665186882,5000,,,,,1.74561952901288e-007,,25,,,0.22301665186882,
,24320533.56,4370,157.913795471191,0.0149029996246099,0,,,,,0.000222499192357063,5000,,,,,1.98527335482964e-007,,25,,,0.222499192357063,
,24320592.98,4370,156.921501159668,0.0149029996246099,0,,,,,0.000222037412524223,5000,,,,,2.90518067368117e-007,,25,,,0.222037412524223,
,24320652.75,4370,155.9228515625,0.0149029996246099,0,,,,,0.000221332335472107,5000,,,,,2.05417482423298e-007,,25,,,0.221332335472107,
,24320713.42,4370,154.910400390625,0.0149029996246099,0,,,,,0.000220486903786659,5000,,,,,2.41369335571832e-007,,25,,,0.220486903786659,
,24320772.53,4370,153.924095153809,0.0149029996246099,0,,,,,0.000219642980098724,5000,,,,,2.71507849104084e-007,,25,,,0.219642980098724,
,24320832.78,4370,152.920303344727,0.0149029996246099,0,,,,,0.000218589972257614,5000,,,,,2.47700759303647e-007,,25,,,0.218589972257614,
,24320892.91,4370,151.915649414063,0.0149029996246099,0,,,,,0.000217626336216927,5000,,,,,2.30525898141415e-007,,25,,,0.217626336216927,
,24320952.66,4370,150.924003601074,0.0149029996246099,0,,,,,0.000216511324644089,5000,,,,,2.89853195253793e-007,,25,,,0.216511324644089,
,24321012.94,4370,149.917999267578,0.0149029996246099,0,,,,,0.000215424167513847,5000,,,,,2.40551856016535e-007,,25,,,0.215424167513847,
,24321072.08,4370,148.92749786377,0.0149029996246099,0,,,,,0.000214171587824821,5000,,,,,2.27408019458486e-007,,25,,,0.214171587824821,
,24321132.27,4370,147.927947998047,0.0149029996246099,0,,,,,0.000212797382473946,5000,,,,,2.59763107994436e-007,,25,,,0.212797382473946,
,24321193.02,4370,146.913452148438,0.0149029996246099,0,,,,,0.000211444016098976,5000,,,,,2.48851405455116e-007,,25,,,0.211444016098976,
,24321252.67,4370,145.918853759766,0.0149029996246099,0,,,,,0.000210221335291863,5000,,,,,1.97831690087239e-007,,25,,,0.210221335291862,
,24321312.09,4370,144.92414855957,0.0149029996246099,0,,,,,0.000208767676949501,5000,,,,,2.33663687161896e-007,,25,,,0.208767676949501,
,24321372.73,4370,143.916854858398,0.0149029996246099,0,,,,,0.000207131859064102,5000,,,,,2.84860657990929e-007,,25,,,0.207131859064102,
,24321432.61,4370,142.914054870605,0.0149029996246099,0,,,,,0.000205689315199852,5000,,,,,2.18878437092452e-007,,25,,,0.205689315199852,
,24321493.13,4370,141.911552429199,0.0149029996246099,0,,,,,0.000204087920188904,5000,,,,,3.02572611550625e-007,,25,,,0.204087920188904,
,24321552.84,4370,140.909950256348,0.0149029996246099,0,,,,,0.000202372514605522,5000,,,,,2.05717376691662e-007,,25,,,0.202372514605522,
,24321612.06,4370,139.928298950195,0.0149029996246099,0,,,,,0.000200837603807449,5000,,,,,2.67504826776734e-007,,25,,,0.200837603807449,
,24321672.48,4370,138.912246704102,0.0149029996246099,0,,,,,0.000199093158841133,5000,,,,,2.61897730309627e-007,,25,,,0.199093158841133,
,24321732.16,4370,137.920150756836,0.0149029996246099,0,,,,,0.000197418859601021,5000,,,,,3.28620237388493e-007,,25,,,0.197418859601021,
,24321792.03,4370,136.921600341797,0.0149029996246099,0,,,,,0.000195738439559937,5000,,,,,2.65545480582289e-007,,25,,,0.195738439559937,
,24321851.95,4370,135.923751831055,0.0149029996246099,0,,,,,0.000193900355100632,5000,,,,,2.35703757895921e-007,,25,,,0.193900355100632,
,24321911.80,4370,134.92919921875,0.0149029996246099,0,,,,,0.000192187116146088,5000,,,,,2.93457376658312e-007,,25,,,0.192187116146088,
,24321972.61,4370,133.911201477051,0.0149029996246099,0,,,,,0.000190242584943771,5000,,,,,2.96580995561119e-007,,25,,,0.190242584943771,
,24322032.05,4370,132.920753479004,0.0149029996246099,0,,,,,0.000188563660979271,5000,,,,,2.59934081208537e-007,,25,,,0.188563660979271,
,24322092.09,4370,131.915802001953,0.0149029996246099,0,,,,,0.000186586660146713,5000,,,,,2.56784757993551e-007,,25,,,0.186586660146713,
,24322151.84,4370,130.924499511719,0.0149029996246099,0,,,,,0.000184767460227013,5000,,,,,1.80273107744339e-007,,25,,,0.184767460227013,
,24322211.42,4370,129.925552368164,0.0149029996246099,0,,,,,0.000182966770529747,5000,,,,,2.33485018133378e-007,,25,,,0.182966770529747,
,24322272.08,4370,128.914703369141,0.0149029996246099,0,,,,,0.000181130279302597,5000,,,,,2.28443237287412e-007,,25,,,0.181130279302597,
,24322331.81,4370,127.923648834229,0.0149029996246099,0,,,,,0.000179139140248299,5000,,,,,2.57988441628426e-007,,25,,,0.179139140248299,
,24322392.11,4370,126.917949676514,0.0149029996246099,0,,,,,0.000177290821075439,5000,,,,,2.51660585697848e-007,,25,,,0.177290821075439,
,24322452.00,4370,125.922348022461,0.0149029996246099,0,,,,,0.00017542224407196,5000,,,,,2.0088603509691e-007,,25,,,0.17542224407196,
,24322512.56,4370,124.913650512695,0.0149029996246099,0,,,,,0.000173527750968933,5000,,,,,2.80081482459745e-007,,25,,,0.173527750968933,
,24322571.91,4370,123.921199798584,0.0149029996246099,0,,,,,0.000171658757328987,5000,,,,,1.86028092295609e-007,,25,,,0.171658757328987,
,24322631.11,4370,122.938152313232,0.0149029996246099,0,,,,,0.000169817119240761,5000,,,,,1.81884814634886e-007,,25,,,0.169817119240761,
,24322692.02,4370,121.918601989746,0.0149029996246099,0,,,,,0.000167849226593971,5000,,,,,2.4421768322523e-007,,25,,,0.167849226593971,
,24322751.55,4370,120.92525100708,0.0149029996246099,0,,,,,0.000165920365452766,5000,,,,,1.9861503428365e-007,,25,,,0.165920365452766,
,24322812.48,4370,119.913150787354,0.0149029996246099,0,,,,,0.000163940684199333,5000,,,,,2.15557124303715e-007,,25,,,0.163940684199333,
,24322871.47,4370,118.928249359131,0.0149029996246099,0,,,,,0.000162112105488777,5000,,,,,3.04293062968578e-007,,25,,,0.162112105488777,
,24322932.11,4370,117.91919708252,0.0149029996246099,0,,,,,0.000160100133419037,5000,,,,,2.13584799320469e-007,,25,,,0.160100133419037,
,24322991.75,4370,116.929149627686,0.0149029996246099,0,,,,,0.000158268431425095,5000,,,,,3.09027688110335e-007,,25,,,0.158268431425095,
,24323052.09,4370,115.918102264404,0.0149029996246099,0,,,,,0.000156425628662109,5000,,,,,2.25725894543766e-007,,25,,,0.156425628662109,
,24323112.20,4370,114.92440032959,0.0149029996246099,0,,,,,0.000154565051794052,5000,,,,,2.3109542190086e-007,,25,,,0.154565051794052,
,24323172.20,4370,113.915649414063,0.0149029996246099,0,,,,,0.000152634027004242,5000,,,,,1.89282564183563e-007,,25,,,0.152634027004242,
,24323231.53,4370,112.93244934082,0.0149029996246099,0,,,,,0.000150742491483688,5000,,,,,2.43039154244065e-007,,25,,,0.150742491483688,
,24323292.34,4370,111.923000335693,0.0149029996246099,0,,,,,0.0001489568400383,5000,,,,,2.46341875157101e-007,,25,,,0.1489568400383,
,24323352.73,4370,110.910800933838,0.0149029996246099,0,,,,,0.000146992252469063,5000,,,,,2.68513660161225e-007,,25,,,0.146992252469063,
,24323412.55,4370,109.913898468018,0.0149029996246099,0,,,,,0.000145146299004555,5000,,,,,2.24788310156156e-007,,25,,,0.145146299004555,
,24323472.30,4370,108.922752380371,0.0149029996246099,0,,,,,0.00014337551176548,5000,,,,,2.71721988408476e-007,,25,,,0.14337551176548,
,24323532.78,4370,107.912349700928,0.0149029996246099,0,,,,,0.000141453575491905,5000,,,,,2.59750139082123e-007,,25,,,0.141453575491905,
,24323592.45,4370,106.92200088501,0.0149029996246099,0,,,,,0.000139790221452713,5000,,,,,2.7181640066125e-007,,25,,,0.139790221452713,
,24323653.08,4370,105.911651611328,0.0149029996246099,0,,,,,0.000137818910479546,5000,,,,,2.43669988168524e-007,,25,,,0.137818910479546,
,24323711.94,4370,104.9255027771,0.0149029996246099,0,,,,,0.000136058591008186,5000,,,,,2.48505741618493e-007,,25,,,0.136058591008186,
,24323773.17,4370,103.909801483154,0.0149029996246099,0,,,,,0.000134308844208717,5000,,,,,3.05813600123645e-007,,25,,,0.134308844208717,
,24323832.58,4370,102.918048858643,0.0149029996246099,0,,,,,0.000132553703784943,5000,,,,,3.07258068131606e-007,,25,,,0.132553703784943,
,24323892.27,4370,101.922401428223,0.0149029996246099,0,,,,,0.000130800260901451,5000,,,,,2.56413872298116e-007,,25,,,0.130800260901451,
,24323952.05,4370,100.925601959229,0.0149029996246099,0,,,,,0.000128972184658051,5000,,,,,1.89970263228967e-007,,25,,,0.128972184658051,
,24324013.23,4370,99.9129486083984,0.0149029996246099,0,,,,,0.000133075415790081,5000,,,,,5.02931035033839e-006,,25,,,0.133075415790081,
,24324073.17,4370,98.9146995544434,0.0149029996246099,0,,,,,0.000130064384639263,5000,,,,,5.56881711501327e-006,,25,,,0.130064384639263,
,24324133.05,4370,97.917049407959,0.0149029996246099,0,,,,,0.000132233775854111,5000,,,,,5.66737467840231e-006,,25,,,0.132233775854111,
,24324193.03,4370,96.9169998168945,0.0149029996246099,0,,,,,0.000126533237397671,5000,,,,,3.73102245392636e-006,,25,,,0.126533237397671,
,24324253.14,4370,95.9122009277344,0.0149029996246099,0,,,,,0.000127998479902744,5000,,,,,4.9419824839841e-006,,25,,,0.127998479902744,
,24324312.86,4370,94.9214019775391,0.0149029996246099,0,,,,,0.00013237207531929,5000,,,,,2.27925851479671e-006,,25,,,0.13237207531929,
,24324374.05,4370,93.8985481262207,0.0149029996246099,0,,,,,0.000124689248204231,5000,,,,,4.51178891504177e-006,,25,,,0.124689248204231,
,24324433.28,4370,92.9157485961914,0.0149029996246099,0,,,,,0.000125797043442726,5000,,,,,4.59362550295801e-006,,25,,,0.125797043442726,
,24324494.09,4370,91.9002494812012,0.0149029996246099,0,,,,,0.00011947413533926,5000,,,,,5.30707979011807e-006,,25,,,0.11947413533926,
,24324552.70,4370,90.9230499267578,0.0149029996246099,0,,,,,0.000115466096103191,5000,,,,,4.5100829292438e-006,,25,,,0.115466096103191,
,24324612.36,4370,89.9295463562012,0.0149029996246099,0,,,,,0.000117759583890438,5000,,,,,3.22785840829292e-006,,25,,,0.117759583890438,
,24324673.31,4370,88.9105987548828,0.0149029996246099,0,,,,,0.00012190193593502,5000,,,,,2.29484114227371e-006,,25,,,0.12190193593502,
,24324733.59,4370,87.9133987426758,0.0149029996246099,0,,,,,0.00011334532469511,5000,,,,,2.44833220169685e-006,,25,,,0.11334532469511,
,24324793.52,4370,86.9085998535156,0.0149029996246099,0,,,,,0.000115659771859646,5000,,,,,4.64356597985872e-006,,25,,,0.115659771859646,
,24324852.98,4370,85.9253997802734,0.0149029996246099,0,,,,,0.000111075239777565,5000,,,,,4.79325000455584e-006,,25,,,0.111075239777565,
,24324912.77,4370,84.9256973266602,0.0149029996246099,0,,,,,0.00010919736713171,5000,,,,,2.34884223941323e-006,,25,,,0.10919736713171,
,24324972.95,4370,83.9184532165527,0.0149029996246099,0,,,,,0.000118563692271709,5000,,,,,2.33089057079386e-006,,25,,,0.118563692271709,
,24325033.78,4370,82.9103012084961,0.0149029996246099,0,,,,,0.000116485511958599,5000,,,,,2.63282397030974e-006,,25,,,0.116485511958599,
,24325092.88,4370,81.9252967834473,0.0149029996246099,0,,,,,0.00011437863945961,5000,,,,,1.32695140065762e-006,,25,,,0.11437863945961,
,24325152.72,4370,80.921802520752,0.0149029996246099,0,,,,,0.000113836771845818,5000,,,,,2.19128433681855e-006,,25,,,0.113836771845818,
,24325213.81,4370,79.9084510803223,0.0149029996246099,0,,,,,0.000112742015421391,5000,,,,,2.81136108301883e-006,,25,,,0.112742015421391,
,24325273.14,4370,78.9213981628418,0.0149029996246099,0,,,,,0.000109857539832592,5000,,,,,2.30510625575022e-006,,25,,,0.109857539832592,
,24325332.95,4370,77.9253005981445,0.0149029996246099,0,,,,,0.00010850164026022,5000,,,,,1.69556431630257e-006,,25,,,0.10850164026022,
,24325393.08,4370,76.9165992736816,0.0149029996246099,0,,,,,0.000107702964246273,5000,,,,,1.66739078670843e-006,,25,,,0.107702964246273,
,24325453.03,4370,75.9210510253906,0.0149029996246099,0,,,,,0.000105656451582909,5000,,,,,2.11577065367599e-006,,25,,,0.105656451582909,
,24325513.94,4370,74.9102516174316,0.0149029996246099,0,,,,,0.000103352720439434,5000,,,,,1.92189059893065e-006,,25,,,0.103352720439434,
,24325573.67,4370,73.9122505187988,0.0149029996246099,0,,,,,0.000102198709249496,5000,,,,,2.49047888919498e-006,,25,,,0.102198709249496,
,24325633.08,4370,72.9238510131836,0.0149029996246099,0,,,,,0.000100071868598461,5000,,,,,2.37296274439441e-006,,25,,,0.100071868598461,
,24325693.11,4370,71.925048828125,0.0149029996246099,0,,,,,9.86146441102028e-005,5000,,,,,2.01578127370898e-006,,25,,,0.0986146441102028,
,24325753.45,4370,70.9209518432617,0.0149029996246099,0,,,,,9.75434339046478e-005,5000,,,,,2.31727945001729e-006,,25,,,0.0975434339046478,
,24325813.16,4370,69.9181022644043,0.0149029996246099,0,,,,,9.69062373042107e-005,5000,,,,,1.63558785289795e-006,,25,,,0.0969062373042107,
,24325873.25,4370,68.923900604248,0.0149029996246099,0,,,,,9.41955542564392e-005,5000,,,,,1.77799307974919e-006,,25,,,0.0941955542564392,
,24325932.81,4370,67.9359512329102,0.0149029996246099,0,,,,,9.27268153429032e-005,5000,,,,,2.59938789511514e-006,,25,,,0.0927268153429031,
,24325993.36,4370,66.9230003356934,0.0149029996246099,0,,,,,9.25157707929611e-005,5000,,,,,2.39078452724258e-006,,25,,,0.0925157707929611,
,24326053.05,4370,65.9248008728027,0.0149029996246099,0,,,,,8.99409374594688e-005,5000,,,,,2.90241903296922e-006,,25,,,0.0899409374594688,
,24326114.06,4370,64.9092483520508,0.0149029996246099,0,,,,,8.8686631321907e-005,5000,,,,,2.7901636460507e-006,,25,,,0.088686631321907,
,24326173.33,4370,63.9227485656738,0.0149029996246099,0,,,,,8.86675277352333e-005,5000,,,,,2.57145471209138e-006,,25,,,0.0886675277352333,
,24326233.09,4370,62.9277000427246,0.0149029996246099,0,,,,,8.70136857032776e-005,5000,,,,,1.65761845595096e-006,,25,,,0.0870136857032776,
,24326293.14,4370,61.9238510131836,0.0149029996246099,0,,,,,8.40236124396324e-005,5000,,,,,2.78933454746216e-006,,25,,,0.0840236124396324,
,24326352.48,4370,60.9289493560791,0.0149029996246099,0,,,,,8.28825432062149e-005,5000,,,,,3.58537203550928e-006,,25,,,0.0828825432062149,
,24326413.42,4370,59.9257984161377,0.0149029996246099,0,,,,,8.25846314430237e-005,5000,,,,,2.46123171069881e-006,,25,,,0.0825846314430237,
,24326473.44,4370,58.9192008972168,0.0149029996246099,0,,,,,7.79132506251335e-005,5000,,,,,2.78033538194744e-006,,25,,,0.0779132506251335,
,24326533.44,4370,57.9212017059326,0.0149029996246099,0,,,,,7.62983784079552e-005,5000,,,,,3.01042102406766e-006,,25,,,0.0762983784079552,
,24326593.27,4370,56.9196491241455,0.0149029996246099,0,,,,,7.63042232394219e-005,5000,,,,,2.99785709786399e-006,,25,,,0.0763042232394218,
,24326654.38,4370,55.8946495056152,0.0149029996246099,0,,,,,7.93483257293701e-005,5000,,,,,2.44145361257219e-006,,25,,,0.0793483257293701,
,24326714.22,4370,54.9116992950439,0.0149029996246099,0,,,,,7.7066156566143e-005,5000,,,,,2.66930916031454e-006,,25,,,0.077066156566143,
,24326773.41,4370,53.9206504821777,0.0149029996246099,0,,,,,7.53518581390381e-005,5000,,,,,2.29484052338706e-006,,25,,,0.0753518581390381,
,24326833.61,4370,52.917350769043,0.0149029996246099,0,,,,,7.59987416863442e-005,5000,,,,,1.71075584167895e-006,,25,,,0.0759987416863441,
,24326894.39,4370,51.9019508361816,0.0149029996246099,0,,,,,7.44594773650169e-005,5000,,,,,2.38459234617914e-006,,25,,,0.0744594773650169,
,24326953.03,4370,50.9232501983643,0.0149029996246099,0,,,,,7.02775543928146e-005,5000,,,,,2.98710900675237e-006,,25,,,0.0702775543928146,
,24327013.13,4370,49.9254989624023,0.0149029996246099,0,,,,,6.86433191597462e-005,5000,,,,,3.74424932980274e-006,,25,,,0.0686433191597462,
,24327073.59,4370,48.9141006469727,0.0149029996246099,0,,,,,6.88132417201996e-005,5000,,,,,2.95694368400414e-006,,25,,,0.0688132417201996,
,24327133.36,4370,47.9163990020752,0.0149029996246099,0,,,,,6.08051393926144e-005,5000,,,,,3.89256839194059e-006,,25,,,0.0608051393926144,
,24327194.02,4370,46.9063987731934,0.0149029996246099,0,,,,,6.1276880800724e-005,5000,,,,,3.68421381658036e-006,,25,,,0.061276880800724,
,24327253.38,4370,45.921199798584,0.0149029996246099,0,,,,,6.04942263662815e-005,5000,,,,,4.02845089537642e-006,,25,,,0.0604942263662815,
,24327313.52,4370,44.9176502227783,0.0149029996246099,0,,,,,6.08113035559654e-005,5000,,,,,3.66387814639713e-006,,25,,,0.0608113035559654,
,24327373.42,4370,43.9180488586426,0.0149029996246099,0,,,,,5.87098893523216e-005,5000,,,,,2.9372357373537e-006,,25,,,0.0587098893523216,
,24327433.48,4370,42.9200496673584,0.0149029996246099,0,,,,,5.48144359886646e-005,5000,,,,,4.03185308256363e-006,,25,,,0.0548144359886646,
,24327494.41,4370,41.9043502807617,0.0149029996246099,0,,,,,5.24824602901936e-005,5000,,,,,2.96821930402901e-006,,25,,,0.0524824602901936,
,24327553.81,4370,40.9150505065918,0.0149029996246099,0,,,,,5.05553941428661e-005,5000,,,,,3.29429085706528e-006,,25,,,0.0505553941428661,
,24327613.56,4370,39.9137992858887,0.0149029996246099,0,,,,,5.04411053657532e-005,5000,,,,,3.19105438591371e-006,,25,,,0.0504411053657532,
,24327674.45,4370,38.904899597168,0.0149029996246099,0,,,,,4.76839134097099e-005,5000,,,,,2.99169944390401e-006,,25,,,0.0476839134097099,
,24327733.17,4370,37.9216499328613,0.0149029996246099,0,,,,,4.87465682625771e-005,5000,,,,,3.69350755484694e-006,,25,,,0.0487465682625771,
,24327793.73,4370,36.9104995727539,0.0149029996246099,0,,,,,5.2494790405035e-005,5000,,,,,4.62965879992481e-006,,25,,,0.052494790405035,
,24327853.22,4370,35.9165000915527,0.0149029996246099,0,,,,,5.07870228588581e-005,5000,,,,,6.65902382586516e-006,,25,,,0.0507870228588581,
,24327914.14,4370,34.9051513671875,0.0149029996246099,0,,,,,5.27841278910637e-005,5000,,,,,5.38949388868135e-006,,25,,,0.0527841278910637,
,24327974.25,4370,33.9021987915039,0.0149029996246099,0,,,,,5.18626169860363e-005,5000,,,,,5.60972576767655e-006,,25,,,0.0518626169860363,
,24328033.33,4370,32.9169006347656,0.0149029996246099,0,,,,,5.21803052723408e-005,5000,,,,,6.17940278885226e-006,,25,,,0.0521803052723408,
,24328093.42,4370,31.9169502258301,0.0149029996246099,0,,,,,5.35157263278961e-005,5000,,,,,8.35428386564932e-006,,25,,,0.0535157263278961,
,24328153.47,4370,30.9124002456665,0.0149029996246099,0,,,,,5.10620178282261e-005,5000,,,,,7.08519755452111e-006,,25,,,0.0510620178282261,
,24328214.39,4370,29.8998994827271,0.0149029996246099,0,,,,,4.7591704428196e-005,5000,,,,,7.0291433074244e-006,,25,,,0.047591704428196,
,24328272.89,4370,28.9286994934082,0.0149029996246099,0,,,,,4.72715738043189e-005,5000,,,,,9.13490646990247e-006,,25,,,0.0472715738043189,
,24328332.91,4370,27.9259996414185,0.0149029996246099,0,,,,,4.9291598200798e-005,5000,,,,,3.89255780271265e-006,,25,,,0.049291598200798,
,24328392.75,4370,26.9247999191284,0.0149029996246099,0,,,,,4.9260226637125e-005,5000,,,,,8.55359528130127e-006,,25,,,0.049260226637125,
,24328452.83,4370,25.9291000366211,0.0149029996246099,0,,,,,4.53590035438538e-005,5000,,,,,5.29436478531666e-006,,25,,,0.0453590035438538,
,24328513.27,4370,24.9206504821777,0.0149029996246099,0,,,,,4.57758744060993e-005,5000,,,,,6.16019509577338e-006,,25,,,0.0457758744060993,
,24328574.33,4370,23.9013500213623,0.0149029996246099,0,,,,,5.08967953920364e-005,5000,,,,,8.39244237854654e-006,,25,,,0.0508967953920364,
,24328634.20,4370,22.9105501174927,0.0149029996246099,0,,,,,4.48653815686703e-005,5000,,,,,4.40199441708202e-006,,25,,,0.0448653815686703,
,24328693.30,4370,21.9236001968384,0.0149029996246099,0,,,,,4.89735734462738e-005,5000,,,,,4.75161588755563e-006,,25,,,0.0489735734462738,
,24328753.03,4370,20.924750328064,0.0149029996246099,0,,,,,4.59659688174725e-005,5000,,,,,5.79652058772342e-006,,25,,,0.0459659688174725,
,24328813.70,4370,19.9127998352051,0.0149029996246099,0,,,,,4.77568048983812e-005,5000,,,,,7.66136713383382e-006,,25,,,0.0477568048983812,
,24328873.61,4370,18.9195499420166,0.0149029996246099,0,,,,,4.35577307641506e-005,5000,,,,,6.74508146511339e-006,,25,,,0.0435577307641506,
,24328933.09,4370,17.9198999404907,0.0149029996246099,0,,,,,4.64808019250631e-005,5000,,,,,7.88658871330654e-006,,25,,,0.0464808019250631,
,24328993.23,4370,16.9257001876831,0.0149029996246099,0,,,,,4.50202886760235e-005,5000,,,,,6.68446268869965e-006,,25,,,0.0450202886760235,
,24329053.34,4370,15.923150062561,0.0149029996246099,0,,,,,4.77530814707279e-005,5000,,,,,7.98133330572948e-006,,25,,,0.0477530814707279,
,24329113.27,4370,14.9223999977112,0.0149029996246099,0,,,,,4.62440760433674e-005,5000,,,,,5.81797272057925e-006,,25,,,0.0462440760433674,
,24329173.41,4370,13.914999961853,0.0149029996246099,0,,,,,4.57647662609816e-005,5000,,,,,8.43243842494433e-006,,25,,,0.0457647662609816,
,24329234.09,4370,12.9059000015259,0.0149029996246099,0,,,,,4.55138194561004e-005,5000,,,,,7.75951512040286e-006,,25,,,0.0455138194561005,
,24329292.63,4370,11.93869972229,0.0149029996246099,0,,,,,4.38447186350822e-005,5000,,,,,6.51137391854641e-006,,25,,,0.0438447186350822,
,24329353.89,4370,10.8874998092651,0.0149029996246099,0,,,,,4.79091790318489e-005,5000,,,,,6.54281906994696e-006,,25,,,0.0479091790318489,
,24329412.14,4370,9.92965030670166,0.0149029996246099,0,,,,,4.56455340981483e-005,5000,,,,,5.88718037577375e-006,,25,,,0.0456455340981483,
,24329474.34,4370,8.92285013198853,0.0149029996246099,0,,,,,4.43904656171799e-005,5000,,,,,5.14372769596259e-006,,25,,,0.0443904656171799,
,24329533.64,4370,7.91250014305115,0.0149029996246099,0,,,,,4.41588671505451e-005,5000,,,,,5.87983413833726e-006,,25,,,0.0441588671505451,
,24329594.14,4370,6.90530014038086,0.0149029996246099,0,,,,,4.74661548435688e-005,5000,,,,,6.04554847059943e-006,,25,,,0.0474661548435688,
,24329655.50,4370,5.9195499420166,0.0149029996246099,0,,,,,4.49218687415123e-005,5000,,,,,8.35884528400013e-006,,25,,,0.0449218687415123,
,24329719.50,4370,4.89864993095398,0.0149029996246099,0,,,,,4.53691357374191e-005,5000,,,,,5.70415398778105e-006,,25,,,0.0453691357374191,
,24329782.64,4370,3.91414999961853,0.0149029996246099,0,,,,,4.49765868484974e-005,5000,,,,,6.43250295904595e-006,,25,,,0.0449765868484974,
,24329848.77,4370,2.90579998493195,0.0149029996246099,0,,,,,4.61054649949074e-005,5000,,,,,9.12966455602587e-006,,25,,,0.0461054649949074,
,24329935.28,4373,1.99035000801086,0.0149029996246099,0,,,,,5.27887953806203e-005,5000,,,,,4.23073538422886e-005,,25,,,0.0527887953806203,
